id,iso_2,iso_3,country_en,country_cz,latitude,longitude,country,T1990,T1995,T2000,T2005,T2010,T2015,T2019,M1990,M1995,M2000,M2005,M2010,M2015,M2019,F1990,F1995,F2000,F2005,F2010,F2015,F2019
4,AF,AFG,Afghanistan,Afghánistán,33.93911,67.709953,Afghanistan,57686,71522,75917,87300,102246,489749,149762,32558,39105,42848,49274,57709,248212,74974,25128,32417,33069,38026,44537,241537,74788
8,AL,ALB,Albania,Albánie,41.153332,20.168331,Albania,66013,71354,76695,64739,52784,52031,49160,30579,33284,35990,32993,26901,26517,25054,35434,38070,40705,31746,25883,25514,24106
12,DZ,DZA,Algeria,Alžírsko,28.033886,1.6596259999999998,Algeria,273954,262032,250110,197422,216964,239473,249075,150234,143696,137158,108266,114727,126522,131596,123720,118336,112952,89156,102237,112951,117479
16,AS,ASM,American Samoa,Americká Samoa,-14.270972,-170.132217,American Samoa,21283,23098,24912,24233,23555,23513,23539,11175,12037,12898,12498,12098,11998,12012,10108,11061,12014,11735,11457,11515,11527
20,AD,AND,Andorra,Andorra,42.546245,1.601554,Andorra,38891,44206,42147,50298,52053,42264,45102,20990,23588,22093,26466,27287,21485,23091,17901,20618,20054,23832,24766,20779,22011
24,AO,AGO,Angola,Angola,-11.202692,17.873887,Angola,33517,39813,46108,61329,332126,632178,669479,18142,20755,23367,30240,160275,304635,341719,15375,19058,22741,31089,171851,327543,327760
28,AG,ATG,Antigua and Barbuda,Antigua a Barbuda,17.060816,-61.79642800000001,Antigua and Barbuda,12029,17550,23071,24741,26412,28083,29207,5775,8046,10316,11052,11788,12524,13026,6254,9504,12755,13689,14624,15559,16181
31,AZ,AZE,Azerbaijan,Ázerbájdžán,40.143105,47.57692700000001,Azerbaijan,360600,344070,327540,302220,276901,264241,253887,157856,149509,141161,135336,129512,126600,121640,202744,194561,186379,166884,147389,137641,132247
32,AR,ARG,Argentina,Argentina,-38.416097,-63.616672,Argentina,1649919,1595069,1540219,1673088,1805957,2086302,2212879,788130,753027,717924,774810,831696,960310,1018573,861789,842042,822295,898278,974261,1125992,1194306
36,AU,AUS,Australia,Austrálie,-25.274398,133.775136,Australia,3955213,4153330,4386250,4878030,5882980,6729730,7549270,2013196,2093280,2189900,2419190,2922030,3343330,3744438,1942017,2060050,2196350,2458840,2960950,3386400,3804832
40,AT,AUT,Austria,Rakousko,47.516231,14.550072,Austria,793239,894893,996547,1136270,1275992,1492374,1779857,368287,423302,478318,543618,608918,716470,873536,424952,471591,518229,592652,667074,775904,906321
44,BS,BHS,Bahamas (the),Bahamy,25.03428,-77.39628,Bahamas,26855,31654,36454,45595,54736,59306,62962,13827,16620,19414,23646,27878,29994,31844,13028,15034,17040,21949,26858,29312,31118
48,BH,BHR,Bahrain,Bahrajn,25.930414000000006,50.637772,Bahrain,173212,205979,239361,404018,657856,704137,741161,122730,144227,165344,288614,475905,508966,535728,50482,61752,74017,115404,181951,195171,205433
50,BD,BGD,Bangladesh,Bangladéš,23.684994,90.356331,Bangladesh,881617,934735,987853,1166700,1345546,1422805,2185613,476097,503989,531907,621228,710548,752035,1124293,405520,430746,455946,545472,634998,670770,1061320
51,AM,ARM,Armenia,Arménie,40.069099,45.038189,Armenia,658789,693999,657900,469119,211147,191199,190159,270535,284995,270170,191401,85669,77436,78001,388254,409004,387730,277718,125478,113763,112158
52,BB,BRB,Barbados,Barbados,13.193887,-59.543198,Barbados,24024,26224,28424,30624,32825,34475,34807,10065,11235,12405,13575,14746,15488,15638,13959,14989,16019,17049,18079,18987,19169
56,BE,BEL,Belgium,Belgie,50.503887,4.469936,Belgium,1280583,1288003,1268368,1248733,1503806,1783488,1981919,654543,651788,636275,620924,726881,869989,979191,626040,636215,632093,627809,776925,913499,1002728
60,BM,BMU,Bermuda,Bermudy,32.321384,-64.75737,Bermuda,15683,16676,17668,18276,18884,19126,19336,7557,8044,8531,8866,9202,9336,9439,8126,8632,9137,9410,9682,9790,9897
64,BT,BTN,Bhutan,Bhútán,27.514162,90.433601,Bhutan,23807,27972,32137,40279,48420,51106,53254,19409,22804,26200,32742,39283,43396,45220,4398,5168,5937,7537,9137,7710,8034
68,BO,BOL,Bolivia (Plurinational State of),Bolívie,-16.290154,-63.588653,Bolivia (Plurinational State of),73758,83598,92658,107745,122846,142989,156114,37549,42806,47665,56019,64380,74939,81818,36209,40792,44993,51726,58466,68050,74296
70,BA,BIH,Bosnia and Herzegovina,Bosna a Hercegovina,43.915886,17.679076000000006,Bosnia and Herzegovina,56000,69476,82952,47272,38792,38574,35735,26538,33115,39691,22473,18504,18400,17017,29462,36361,43261,24799,20288,20174,18718
72,BW,BWA,Botswana,Botswana,-22.328474,24.684866,Botswana,27510,40168,74934,84614,94614,103268,110596,16614,23517,43840,49132,53881,58769,62943,10896,16651,31094,35482,40733,44499,47653
76,BR,BRA,Brazil,Brazílie,-14.235004,-51.92528,Brazil,798517,741557,684596,638582,592568,716568,807006,426147,396152,366156,343019,319882,386838,435661,372370,345405,318440,295563,272686,329730,371345
84,BZ,BLZ,Belize,Belize,17.189877,-88.49765,Belize,30404,33446,36488,41424,46360,54674,59998,16393,17512,18631,21045,23459,27502,30180,14011,15934,17857,20379,22901,27172,29818
90,SB,SLB,Solomon Islands,Šalomounovy ostrovy,-9.64571,160.156194,Solomon Islands,4226,4178,3981,3271,2760,2585,2532,2349,2328,2224,1830,1546,1450,1421,1877,1850,1757,1441,1214,1135,1111
92,VG,VGB,Virgin Islands (British),Britské Panenské ostrovy,18.420695,-64.63996800000001,British Virgin Islands,8035,10046,12958,15016,17074,19132,20778,4126,5034,6386,7401,8415,9430,10242,3909,5012,6572,7615,8659,9702,10536
96,BN,BRN,Brunei Darussalam,Brunej,4.535277,114.727669,Brunei Darussalam,73200,84748,96296,98441,100587,102733,110641,41856,47832,53807,55265,56723,58181,62660,31344,36916,42489,43176,43864,44552,47981
100,BG,BGR,Bulgaria,Bulharsko,42.733883,25.48583,Bulgaria,21510,32435,43360,61074,76287,123803,168516,9047,13642,18238,26594,33841,60058,82718,12463,18793,25122,34480,42446,63745,85798
104,MM,MMR,Myanmar,Myanmar,21.913965,95.956223,Myanmar,133545,113663,98011,83025,76414,73309,75998,72310,61489,52150,44506,41574,40178,41652,61235,52174,45861,38519,34840,33131,34346
108,BI,BDI,Burundi,Burundi,-3.373056,29.918886,Burundi,333110,254853,125628,172874,235259,289810,321018,163267,124165,61094,84805,115823,142790,158163,169843,130688,64534,88069,119436,147020,162855
112,BY,BLR,Belarus,Bělorusko,53.709807,27.953389,Belarus,1248977,1186282,1123586,1106982,1090378,1082905,1069395,572021,543307,514593,506988,499384,495961,489770,676956,642975,608993,599994,590994,586944,579625
116,KH,KHM,Cambodia,Kambodža,12.565679,104.990963,Cambodia,38375,92230,146085,114031,81977,73963,78649,19084,45361,71638,57511,43385,39854,42379,19291,46869,74447,56520,38592,34109,36270
120,CM,CMR,Cameroon,Kamerun,7.369722,12.354722,Cameroon,265967,244791,227242,265503,291474,508346,505692,145869,133945,124008,146129,161485,251311,250177,120098,110846,103234,119374,129989,257035,255515
124,CA,CAN,Canada,Kanada,56.130366,-106.346771,Canada,4333318,4864778,5511914,6078985,6761226,7428657,7960657,2109652,2356105,2659135,2915838,3236539,3533164,3786190,2223666,2508673,2852779,3163147,3524687,3895493,4174467
132,CV,CPV,Cabo Verde,Kapverdy,16.002082,-24.013197,Cabo Verde,8931,9979,11027,12700,14373,14924,15664,4429,5091,5753,6523,7293,7547,7922,4502,4888,5274,6177,7080,7377,7742
136,KY,CYM,Cayman Islands (the),Kajmanské ostrovy,19.513469,-80.566956,Cayman Islands,9315,12666,19176,20679,24057,26177,28985,4587,6339,9671,10515,12310,13398,14838,4728,6327,9505,10164,11747,12779,14147
140,CF,CAF,Central African Republic (the),Středoafrická republika,6.611111,20.939444,Central African Republic,67234,99712,123529,94449,93466,81598,90649,35686,52975,65636,50236,49743,43163,48004,31548,46737,57893,44213,43723,38435,42645
144,LK,LKA,Sri Lanka,Srí Lanka,7.873054,80.77179699999998,Sri Lanka,41561,40841,40132,39526,38959,39706,40018,23423,22689,21971,21318,20694,20745,20909,18138,18152,18161,18208,18265,18961,19109
148,TD,TCD,Chad,Čad,15.454166,18.732207,Chad,74342,89584,104825,352062,416924,466968,512230,40133,48298,56463,159715,186773,215640,236334,34209,41286,48362,192347,230151,251328,275896
152,CL,CHL,Chile,Chile,-35.675147,-71.542969,Chile,107501,142417,177332,276360,375388,639724,939992,54547,69632,84717,131414,178111,301441,442929,52954,72785,92615,144946,197277,338283,497063
156,CN,CHN,China,Čína,35.86166,104.195397,China,376361,442198,508034,678947,849861,978046,1030871,191954,223018,254082,379920,505758,600136,632550,184407,219180,253952,299027,344103,377910,398321
170,CO,COL,Colombia,Kolumbie,4.570868,-74.297333,Colombia,104277,106943,109609,107612,124271,139134,1142319,53109,54666,56223,55706,65622,74108,575805,51168,52277,53386,51906,58649,65026,566514
174,KM,COM,Comoros (the),Komory,-11.875001,43.872219,Comoros,14079,13939,13799,13209,12618,12555,12504,6717,6614,6511,6286,6060,6071,6047,7362,7325,7288,6923,6558,6484,6457
175,YT,MYT,Mayotte,Mayotte,-12.8275,45.166244,Mayotte,15229,26316,45474,63176,72757,73992,74643,8780,14679,23546,31364,34500,34235,34537,6449,11637,21928,31812,38257,39757,40106
178,CG,COG,Congo (the),Kongo,-0.228021,15.827659,Congo,129391,191635,305880,318724,425173,390142,402142,64316,95822,153107,173229,231105,213764,220238,65075,95813,152773,145495,194068,176378,181904
180,CD,COD,Congo (the Democratic Republic of the),Demokratická republika Kongo,-4.0383330000000015,21.758664000000003,Democratic Republic of the Congo,754194,1816963,744387,622869,588950,824492,963833,363117,901379,365092,302290,284244,401058,463954,391077,915584,379295,320579,304706,423434,499879
184,CK,COK,Cook Islands (the),Cookovy ostrovy,-21.236736,-159.777671,Cook Islands,2587,2686,2785,3277,3769,3477,3491,1443,1497,1552,1724,1895,1741,1748,1144,1189,1233,1553,1874,1736,1743
188,CR,CRI,Costa Rica,Kostarika,9.748917,-83.753428,Costa Rica,417628,364287,310946,358175,405404,411697,417768,212173,184485,156798,176335,195873,197613,201934,205455,179802,154148,181840,209531,214084,215834
191,HR,HRV,Croatia,Chorvatsko,45.1,15.2,Croatia,475438,674085,585298,579273,573248,561093,518083,222531,315733,274823,271645,268466,260473,239681,252907,358352,310475,307628,304782,300620,278402
192,CU,CUB,Cuba,Kuba,21.521757,-77.78116700000002,Cuba,34555,26187,17818,11935,6640,5312,4886,17278,12559,7840,5252,2904,2294,2097,17277,13628,9978,6683,3736,3018,2789
196,CY,CYP,Cyprus,Kypr,35.126413,33.429859,Cyprus,43805,61941,80076,117165,191866,192020,191922,20463,27604,34745,50421,83931,84153,85208,23342,34337,45331,66744,107935,107867,106714
203,CZ,CZE,Czechia,Česko,49.817492,15.472962,Czechia,110394,165592,220789,322540,398493,416454,512705,57405,88316,119227,181719,236160,239228,293245,52989,77276,101562,140821,162333,177226,219460
204,BJ,BEN,Benin,Benin,9.30769,2.315834,Benin,76751,105703,134655,221889,309124,366284,390112,40418,56304,72190,107882,143575,172056,183593,36333,49399,62465,114007,165549,194228,206519
208,DK,DNK,Denmark,Dánsko,56.26392,9.501785,Denmark,235189,303108,371026,440383,500772,595876,722878,114411,147194,179977,213097,242029,291431,357366,120778,155914,191049,227286,258743,304445,365512
212,DM,DMA,Dominica,Dominika,15.414999,-61.370976,Dominica,2519,3121,3723,4744,8110,8093,8264,1309,1623,1955,2491,4200,4215,4303,1210,1498,1768,2253,3910,3878,3961
214,DO,DOM,Dominican Republic (the),Dominikánská republika,18.735693,-70.162651,Dominican Republic,291151,323381,355611,376001,393720,549289,567648,181677,198842,216008,228180,238742,353448,365261,109474,124539,139603,147821,154978,195841,202387
218,EC,ECU,Ecuador,Ekvádor,-1.831239,-78.183406,Ecuador,78663,115093,151523,187404,325366,387513,381507,38531,57879,77227,96188,167773,200352,197162,40132,57214,74296,91216,157593,187161,184345
222,SV,SLV,El Salvador,Salvador,13.794185,-88.89653,El Salvador,47360,39537,31713,36019,40324,42045,42617,22218,18564,14909,17029,19148,19996,20269,25142,20973,16804,18990,21176,22049,22348
226,GQ,GNQ,Equatorial Guinea,Rovníková Guinea,1.6508009999999995,10.267895,Equatorial Guinea,2740,3629,4517,6588,8658,209611,227617,1465,1930,2394,3564,4734,161527,175403,1275,1699,2123,3024,3924,48084,52214
231,ET,ETH,Ethiopia,Etiopie,9.145,40.489673,Ethiopia,1155390,806904,611384,514242,568748,1161642,1253083,607284,424117,322219,269725,298069,591409,637963,548106,382787,289165,244517,270679,570233,615120
232,ER,ERI,Eritrea,Eritrea,15.179384,39.78233400000001,Eritrea,11848,12400,12952,14314,15676,15941,16101,6228,6542,6856,7729,8603,8833,8922,5620,5858,6096,6585,7073,7108,7179
233,EE,EST,Estonia,Estonsko,58.595272,25.013607,Estonia,381997,315755,249512,233701,217890,194664,190242,171691,136268,100844,94244,87644,80024,80616,210306,179487,148668,139457,130246,114640,109626
234,FO,FRO,Faroe Islands (the),Faerské ostrovy,61.892635,-6.911806,Faroe Islands,4285,2900,3593,4583,5096,5485,6454,2440,1575,1921,2450,2700,2783,3287,1845,1325,1672,2133,2396,2702,3167
238,FK,FLK,Falkland Islands (the) [Malvinas],Falklandy (Malvíny),-51.796253,-59.523613,Falkland Islands (Malvinas),855,868,1067,1166,1436,1571,1902,488,510,636,675,807,873,1057,367,358,431,491,629,698,845
242,FJ,FJI,Fiji,Fidži,-16.578193,179.414413,Fiji,13283,13001,12719,12435,13351,13751,14038,6847,6726,6601,6564,7137,7421,7576,6436,6275,6118,5871,6214,6330,6462
246,FI,FIN,Finland,Finsko,61.92411,25.748151,Finland,63255,99729,136203,192169,228481,314856,383116,31682,49575,67469,96429,115105,159315,196188,31573,50154,68734,95740,113376,155541,186928
250,FR,FRA,France,Francie,46.227638,2.213749,France,5897267,6087993,6278718,6737600,7309986,7874172,8334875,2999376,3046083,3092789,3300859,3554527,3806413,4019290,2897891,3041910,3185929,3436741,3755459,4067759,4315585
254,GF,GUF,French Guiana,Francouzská Guyana,3.933889,-53.125782,French Guiana,63612,70131,76649,86468,96288,106108,117372,34843,36869,38895,42729,46564,50399,55751,28769,33262,37754,43739,49724,55709,61621
258,PF,PYF,French Polynesia,Francouzská Polynésie,-17.679742,-149.40684299999995,French Polynesia,25830,28360,30329,32286,31640,30058,31205,15444,16689,17604,18405,18037,17136,17791,10386,11671,12725,13881,13603,12922,13414
262,DJ,DJI,Djibouti,Džibutsko,11.825138,42.590275,Djibouti,122221,99774,100507,92091,101575,112351,115341,64242,52476,52920,51315,53295,59081,60654,57979,47298,47587,40776,48280,53270,54687
266,GA,GAB,Gabon,Gabon,-0.803689,11.609444,Gabon,128188,171427,214431,233824,270829,378686,411463,73172,97800,122986,135107,158680,243782,264758,55016,73627,91445,98717,112149,134904,146705
268,GE,GEO,Georgia,Gruzie,42.315407,43.356892,Georgia,304470,152235,76117,72311,73034,76685,79035,133285,66643,33321,31655,31972,33570,34583,171185,85592,42796,40656,41062,43115,44452
270,GM,GMB,Gambia (the),Gambie,13.443182,-15.310139,Gambia,118123,150890,182514,181905,185763,192540,215406,66306,82048,97138,96230,98086,101501,113552,51817,68842,85376,85675,87677,91039,101854
275,PS,PSE,"Palestine, State of",Palestinská autonomie,31.952162,35.233154,State of Palestine,288332,281767,275202,266617,258032,255507,253735,132101,128328,124555,119621,114688,113237,112452,156231,153439,150647,146996,143344,142270,141283
276,DE,DEU,Germany,Německo,51.165691,10.451526,Germany,5936181,7464406,8992631,9402447,9812263,10220418,13132146,3293128,3898397,4503666,4676178,4848689,5037961,6881990,2643053,3566009,4488965,4726269,4963574,5182457,6250156
288,GH,GHA,Ghana,Ghana,7.9465270000000015,-1.0231940000000002,Ghana,164851,252879,191601,304436,337017,414744,466780,83030,127423,97279,156778,179647,221026,249224,81821,125456,94322,147658,157370,193718,217556
292,GI,GIB,Gibraltar,Gibraltar,36.137741,-5.345374,Gibraltar,8709,8381,8054,9211,10369,11065,11172,4528,4196,3865,4518,5171,5591,5646,4181,4185,4189,4693,5198,5474,5526
296,KI,KIR,Kiribati,Kiribati,-3.370417,-168.734039,Kiribati,2162,2223,2283,2487,2868,2919,3022,1107,1139,1188,1312,1512,1539,1594,1055,1084,1095,1175,1356,1380,1428
300,GR,GRC,Greece,Řecko,39.074208,21.824312,Greece,618139,857850,1111665,1190707,1321149,1242924,1211382,330038,445004,559794,587677,640731,570528,560208,288101,412846,551871,603030,680418,672396,651174
304,GL,GRL,Greenland,Grónsko,71.706936,-42.604303,Greenland,9282,7121,6601,6556,6091,5797,5690,6472,4875,4616,4461,4119,3812,3742,2810,2246,1985,2095,1972,1985,1948
308,GD,GRD,Grenada,Grenada,12.262776,-61.604171,Grenada,4263,5544,6825,6902,6980,7057,7124,2106,2746,3386,3424,3463,3502,3536,2157,2798,3439,3478,3517,3555,3588
312,GP,GLP,Guadeloupe,Guadeloupe,16.995971,-62.067641,Guadeloupe,65944,74566,83188,89065,94942,98507,100030,32718,36248,39778,41273,42768,43858,44537,33226,38318,43410,47792,52174,54649,55493
316,GU,GUM,Guam,Guam,13.444304,144.793731,Guam,69755,71912,74070,74743,75416,76089,79846,39364,38822,38280,38602,38924,39246,41185,30391,33090,35790,36141,36492,36843,38661
320,GT,GTM,Guatemala,Guatemala,15.783471,-90.230759,Guatemala,264257,156188,48119,57252,66384,78352,80421,112615,66913,21211,26064,30917,37136,38117,151642,89275,26908,31188,35467,41216,42304
324,GN,GIN,Guinea,Guinea,9.945587,-9.696645,Guinea,403621,774505,560075,229611,177998,126386,120642,201260,386537,279108,111738,92899,74060,70695,202361,387968,280967,117873,85099,52326,49947
328,GY,GUY,Guyana,Guyana,4.860416000000002,-58.93018000000001,Guyana,4095,6352,8610,10868,13126,15384,15699,2200,3405,4611,5817,7023,8229,8398,1895,2947,3999,5051,6103,7155,7301
332,HT,HTI,Haiti,Haiti,18.971187,-72.28521500000002,Haiti,19084,18129,17222,16360,17178,18036,18756,10606,10076,9572,9093,9548,10025,10426,8478,8053,7650,7267,7630,8011,8330
336,VA,VAT,Holy See (the),Vatikán,41.902916,12.453389,Holy See,768,780,785,798,794,803,799,376,379,379,381,375,376,373,392,401,406,417,419,427,426
340,HN,HND,Honduras,Honduras,15.199998999999998,-86.241905,Honduras,270423,149442,28461,27875,27288,38317,38933,137573,76077,14581,14444,14306,20116,20440,132850,73365,13880,13431,12982,18201,18493
344,HK,HKG,Hong Kong,Hongkong,22.396428,114.109497,"China, Hong Kong SAR",2218473,2443798,2669122,2721235,2779950,2838665,2942254,1124544,1175087,1225629,1185121,1147539,1119957,1143329,1093929,1268711,1443493,1536114,1632411,1718708,1798925
348,HU,HUN,Hungary,Maďarsko,47.162494,19.503304,Hungary,347510,322234,296957,366787,436616,475508,512043,156185,147202,138219,174216,210212,235719,253884,191325,175032,158738,192571,226404,239789,258159
352,IS,ISL,Iceland,Island,64.96305100000001,-19.020835,Iceland,9584,12738,15892,25492,35091,39072,52404,4248,5727,7207,12413,17619,19070,27554,5336,7011,8685,13079,17472,20002,24850
356,IN,IND,India,Indie,20.593684,78.96288,India,7594801,6952238,6411331,5923945,5439758,5240960,5154737,3967470,3608978,3303591,3045849,2789748,2684680,2640513,3627331,3343260,3107740,2878096,2650010,2556280,2514224
360,ID,IDN,Indonesia,Indonésie,-0.789275,113.921327,Indonesia,465612,378960,292307,289568,305416,338124,353135,229885,191600,153315,165493,174864,196717,205451,235727,187360,138992,124075,130552,141407,147684
364,IR,IRN,Iran (Islamic Republic of),Írán,32.427908,53.68804599999999,Iran (Islamic Republic of),4291601,2937668,2803805,2568930,2761561,2726420,2682214,2456700,1705972,1662264,1410319,1571723,1445236,1421804,1834901,1231696,1141541,1158611,1189838,1281184,1260410
368,IQ,IRQ,Iraq,Irák,33.223191,43.679291,Iraq,83638,199460,210525,132915,117389,359381,368062,55751,114821,120464,80883,72965,209233,214288,27887,84639,90061,52032,44424,150148,153774
372,IE,IRL,Ireland,Irsko,53.41291,-8.243889999999999,Ireland,227961,226892,350552,589046,730542,759256,833564,112093,108084,172959,309910,360440,376338,414452,115868,118808,177593,279136,370102,382918,419112
376,IL,ISR,Israel,Izrael,31.046051,34.851612,Israel,1632704,1792185,1851309,1889503,1950615,2011727,1956346,770777,830330,853712,867805,890352,912899,887768,861927,961855,997597,1021698,1060263,1098828,1068578
380,IT,ITA,Italy,Itálie,41.87194,12.56738,Italy,1428219,1774954,2121688,3954790,5787893,5805328,6273722,642414,809553,976691,1820290,2663889,2637798,2908119,785805,965401,1144997,2134500,3124004,3167530,3365603
384,CI,CIV,Côte d'Ivoire,Pobřeží slonoviny,7.539989,-5.54708,Côte d'Ivoire,1816426,2076394,2163644,2265090,2366537,2467984,2549141,1011749,1150710,1198496,1254690,1310459,1366634,1411575,804677,925684,965148,1010400,1056078,1101350,1137566
388,JM,JAM,Jamaica,Jamajka,18.109581,-77.297508,Jamaica,20475,22713,24952,24314,23677,23167,23468,9981,11242,12503,12263,12024,11766,11920,10494,11471,12449,12051,11653,11401,11548
392,JP,JPN,Japan,Japonsko,36.204824,138.252924,Japan,1075317,1362371,1686444,2011555,2134151,2232189,2498891,538765,680212,796928,931198,972481,1050070,1208168,536552,682159,889516,1080357,1161670,1182119,1290723
398,KZ,KAZ,Kazakhstan,Kazachstán,48.019573,66.923684,Kazakhstan,3619200,3251968,2874194,3103027,3334937,3546060,3705556,1666164,1497455,1323580,1472820,1625155,1757828,1836893,1953036,1754513,1550614,1630207,1709782,1788232,1868663
400,JO,JOR,Jordan,Jordánsko,30.585164,36.238414,Jordan,1146349,1537097,1927845,2325414,2722983,3112026,3346703,586473,784725,982977,1183645,1384313,1567177,1685358,559876,752372,944868,1141769,1338670,1544849,1661345
404,KE,KEN,Kenya,Keňa,-0.023559,37.906193,Kenya,298089,618745,707852,773354,954925,1126886,1044854,161259,322189,352933,400364,473093,562909,522321,136830,296556,354919,372990,481832,563977,522533
408,KP,PRK,Korea (the Democratic People's Republic of),Severní Korea,40.339852,127.510093,Dem. People's Republic of Korea,34103,35143,36183,40097,44010,48458,49393,17393,17562,17731,19749,21766,24110,24576,16710,17581,18452,20348,22244,24348,24817
410,KR,KOR,Korea (the Republic of),Jižní Korea,35.90775700000001,127.766922,Republic of Korea,43247,123886,244224,486065,919987,1143087,1163655,24349,70758,143212,284305,525395,641400,652746,18898,53128,101012,201760,394592,501687,510909
414,KW,KWT,Kuwait,Kuvajt,29.31166,47.481766,Kuwait,1074391,921954,1127640,1333327,1871537,2866136,3034845,654878,591452,761512,918580,1309814,1901855,2013803,419513,330502,366128,414747,561723,964281,1021042
417,KG,KGZ,Kyrgyzstan,Kyrgyzstán,41.20438,74.766098,Kyrgyzstan,623083,518338,389824,309399,232065,204382,200260,260416,216638,162927,128064,94596,82616,80945,362667,301700,226897,181335,137469,121766,119315
418,LA,LAO,Lao People's Democratic Republic (the),Laos,19.85627,102.495496,Lao People's Democratic Republic,22866,23526,21948,20371,32955,45538,48275,11806,12199,11564,10930,20133,29335,31099,11060,11327,10384,9441,12822,16203,17176
422,LB,LBN,Lebanon,Libanon,33.854721000000005,35.862285,Lebanon,523693,608303,692913,756784,820655,1973204,1863873,267922,310613,353305,390331,427358,948425,895875,255771,297690,339608,366453,393297,1024779,967998
426,LS,LSO,Lesotho,Lesotho,-29.609988,28.233608,Lesotho,8240,7204,6167,6290,6414,6572,6928,4318,3827,3335,3402,3469,3558,3751,3922,3377,2832,2888,2945,3014,3177
428,LV,LVA,Latvia,Lotyšsko,56.879635,24.603189,Latvia,646007,538093,430178,376725,313786,265418,237266,290800,234216,177632,154745,124675,104011,93396,355207,303877,252546,221980,189111,161407,143870
430,LR,LBR,Liberia,Libérie,6.4280550000000005,-9.429499,Liberia,94964,208563,151868,87188,99129,113779,94448,53924,111647,82129,51183,56885,64879,53857,41040,96916,69739,36005,42244,48900,40591
434,LY,LBY,Libya,Libye,26.3351,17.228331,Libya,457075,508041,567436,625212,683998,771146,818216,242707,300906,368950,445597,489737,549153,582673,214368,207135,198486,179615,194261,221993,235543
438,LI,LIE,Liechtenstein,Lichtenštejnsko,47.166,9.555373,Liechtenstein,10906,13311,15483,18898,22342,23799,25467,5956,7068,7980,9434,10867,11605,12406,4950,6243,7503,9464,11475,12194,13061
440,LT,LTU,Lithuania,Litva,55.169438,23.881275,Lithuania,349258,273587,214311,201209,160772,136021,117218,164585,128641,100546,94189,69606,57508,49293,184673,144946,113765,107020,91166,78513,67925
442,LU,LUX,Luxembourg,Lucembursko,49.815273,6.129583,Luxembourg,113795,126106,139750,150618,163142,248888,291723,56062,62292,69286,74951,81420,126129,148670,57733,63814,70464,75667,81722,122759,143053
446,MO,MAC,Macao,Macao,22.198745,113.543873,"China, Macao SAR",205047,224929,240791,279308,318506,376066,399572,96379,103660,109391,130387,146407,174589,185502,108668,121269,131400,148921,172099,201477,214070
450,MG,MDG,Madagascar,Madagaskar,-18.766947,46.869107,Madagascar,23917,21177,23541,26058,28905,32075,34934,13348,11901,13276,14744,16410,18270,19897,10569,9276,10265,11314,12495,13805,15037
454,MW,MWI,Malawi,Malawi,-13.254307999999998,34.301525,Malawi,1127724,241624,232620,221661,217722,232803,247652,546520,116198,111530,105931,103869,110893,117932,581204,125426,121090,115730,113853,121910,129720
458,MY,MYS,Malaysia,Malajsie,4.210483999999999,101.975766,Malaysia,695920,937368,1463598,1918504,2417395,3280681,3430380,405808,534964,822679,1133541,1469977,1996220,2097159,290112,402404,640919,784963,947418,1284461,1333221
462,MV,MDV,Maldives,Maledivy,3.202778,73.22068,Maldives,8689,18510,27092,45045,54659,64273,69249,4777,9243,14907,27079,41712,56345,60709,3912,9267,12185,17966,12947,7928,8540
466,ML,MLI,Mali,Mali,17.570692,-3.996166000000001,Mali,160736,176187,189475,256797,339375,420504,468230,82049,90871,97752,132244,172066,213218,237428,78687,85316,91723,124553,167309,207286,230802
470,MT,MLT,Malta,Malta,35.937496,14.375416,Malta,15077,17740,21521,24560,33008,52642,84949,7012,8366,10289,11899,17118,28332,45986,8065,9374,11232,12661,15890,24310,38963
474,MQ,MTQ,Martinique,Martinik,14.641528,-61.024174,Martinique,38705,46599,54492,57034,59575,61731,61647,19091,22271,25451,25891,26330,26989,26953,19614,24328,29041,31143,33245,34742,34694
478,MR,MRT,Mauritania,Mauritánie,21.00789,-10.940835,Mauritania,111650,89562,57366,58119,84679,166552,172987,57569,47015,31163,32588,48605,94070,97766,54081,42547,26203,25531,36074,72482,75221
480,MU,MUS,Mauritius,Mauricius,-20.348404,57.552152,Mauritius,3613,7493,15543,19647,24836,28585,28849,1763,3228,5705,8943,13188,15832,15979,1850,4265,9838,10704,11648,12753,12870
484,MX,MEX,Mexico,Mexiko,23.634501,-102.552784,Mexico,695674,458549,538051,712487,969538,1028803,1060707,348353,229589,270896,359642,490691,515917,531912,347321,228960,267155,352845,478847,512886,528795
492,MC,MCO,Monaco,Monako,43.750298,7.412841,Monaco,20359,21060,21787,21312,21132,25983,26511,9471,9955,10458,10322,10325,12599,12851,10888,11105,11329,10990,10807,13384,13660
496,MN,MNG,Mongolia,Mongolsko,46.862496,103.846656,Mongolia,6718,7424,8206,11477,16062,19886,21128,3419,3959,4564,7577,11880,13284,14114,3299,3465,3642,3900,4182,6602,7014
498,MD,MDA,Moldova (the Republic of),Moldavsko,47.411631,28.369885,Republic of Moldova,544162,367231,247828,171122,129488,106374,104713,238053,155297,101097,67924,52198,43467,42839,306109,211934,146731,103198,77290,62907,61874
499,ME,MNE,Montenegro,Černá Hora,42.708678000000006,19.37439,Montenegro,0,0,0,0,78512,71719,70967,0,0,0,0,31639,28178,27982,0,0,0,0,46873,43541,42985
500,MS,MSR,Montserrat,Montserrat,16.742498,-62.187366,Montserrat,2013,1612,1211,1244,1291,1351,1375,1029,825,622,639,664,696,709,984,787,589,605,627,655,666
504,MA,MAR,Morocco,Maroko,31.791702,-7.09262,Morocco,54895,50360,53034,54379,70909,92424,98574,29024,26264,27233,27543,35738,46387,49479,25871,24096,25801,26836,35171,46037,49095
508,MZ,MOZ,Mozambique,Mosambik,-18.665695,35.529562,Mozambique,122332,168256,195702,264679,306471,321794,334665,66060,91210,103175,127908,148105,155510,161731,56272,77046,92527,136771,158366,166284,172934
512,OM,OMN,Oman,Omán,21.512583,55.92325500000001,Oman,304000,539643,623608,666160,816221,1856226,2286226,242477,417444,488389,527842,658746,1552000,1911526,61523,122199,135219,138318,157475,304226,374700
516,0,NAM,Namibia,Namibie,-22.95764,18.49041,Namibia,120641,115372,135547,107347,103826,101618,107561,63748,61310,73154,57625,55803,54739,57938,56893,54062,62393,49722,48023,46879,49623
520,NR,NRU,Nauru,Nauru,-0.522778,166.931503,Nauru,2815,2605,2394,2253,1183,1890,2114,1506,1395,1283,1208,653,1071,1206,1309,1210,1111,1045,530,819,908
524,NP,NPL,Nepal,Nepál,28.394857,84.12400799999998,Nepal,429974,690225,717900,679457,578657,509471,490802,125966,217088,241959,235203,189518,156361,148487,304008,473137,475941,444254,389139,353110,342315
528,NL,NLD,Netherlands (the),Nizozemsko,52.132633,5.291266,Netherlands,1182263,1346164,1556337,1736127,1832510,1996318,2282791,592343,668236,765302,843444,881264,952313,1103004,589920,677928,791035,892683,951246,1044005,1179787
533,AW,ABW,Aruba,Aruba,12.52111,-69.968338,Aruba,14444,22274,30104,32540,34327,36114,36532,6429,9974,13519,14559,15311,16108,16295,8015,12300,16585,17981,19016,20006,20237
540,NC,NCL,New Caledonia,Nová Kaledonie,-20.904305,165.618042,New Caledonia,37673,43662,49651,55405,61158,68881,72537,20885,23908,26932,29909,32886,36181,37984,16788,19754,22719,25496,28272,32700,34553
548,VU,VUT,Vanuatu,Vanuatu,-15.376706,166.959158,Vanuatu,2308,2461,2626,2800,2991,3187,3245,1269,1295,1320,1398,1487,1583,1612,1039,1166,1306,1402,1504,1604,1633
554,NZ,NZL,New Zealand,Nový Zéland,-40.900557,174.88597099999996,New Zealand,518047,588617,678813,839952,947443,1039736,1068739,258223,289230,329927,407690,459047,502787,516814,259824,299387,348886,432262,488396,536949,551925
558,NI,NIC,Nicaragua,Nikaragua,12.865416,-85.207229,Nicaragua,41421,26619,30389,34918,37333,40262,42172,20860,13364,15423,17773,19128,20723,21704,20561,13255,14966,17145,18205,19539,20468
562,NE,NER,Niger (the),Niger,17.607789,8.081666,Niger,115464,145999,122260,124461,126464,252998,294161,55222,69751,58192,59170,60033,119915,139426,60242,76248,64068,65291,66431,133083,154735
566,NG,NGA,Nigeria,Nigérie,9.081999,8.675277000000001,Nigeria,456621,462999,487882,969294,988679,1199115,1256408,256166,258091,270211,564384,575671,657887,689321,200455,204908,217671,404910,413008,541228,567087
570,NU,NIU,Niue,Niue,-19.054445,-169.867233,Niue,461,480,498,522,589,588,588,245,257,268,282,319,319,319,216,223,230,240,270,269,269
578,NO,NOR,Norway,Norsko,60.472024,8.468946,Norway,192587,233302,292440,361144,526799,746375,867765,99562,117222,144826,176444,268505,389370,451599,93025,116080,147614,184700,258294,357005,416166
580,MP,MNP,Northern Mariana Islands (the),Severní Mariany,17.33083,145.38468999999995,Northern Mariana Islands,26593,32376,40122,37542,24168,21648,21815,14261,15847,17387,15977,10223,9100,9171,12332,16529,22735,21565,13945,12548,12644
583,FM,FSM,Micronesia (Federated States of),Mikronésie,7.425553999999999,150.550812,Micronesia (Fed. States of),3685,3342,3116,2905,2806,2756,2819,2099,2119,1721,1565,1503,1473,1508,1586,1223,1395,1340,1303,1283,1311
584,MH,MHL,Marshall Islands (the),Marshallovy ostrovy,7.131474000000001,171.184478,Marshall Islands,1158,1480,1891,2417,3089,3284,3296,721,916,1164,1485,1895,2011,2019,437,564,727,932,1194,1273,1277
585,PW,PLW,Palau,Palau,7.51498,134.58252,Palau,2801,4749,6310,6043,5490,4937,5066,1800,2808,3905,3620,3211,2996,2875,1001,1941,2405,2423,2279,1941,2191
586,PK,PAK,Pakistan,Pákistán,30.375321000000003,69.345116,Pakistan,6208204,3669308,4181912,3171132,3941586,3506520,3257978,3264380,1951223,2249960,1708514,2074443,1845470,1714663,2943824,1718085,1931952,1462618,1867143,1661050,1543315
591,PA,PAN,Panama,Panama,8.537981,-80.782127,Panama,62744,70848,83410,117563,157309,184710,185072,33148,36740,42437,59812,80931,94841,94396,29596,34108,40973,57751,76378,89869,90676
598,PG,PNG,Papua New Guinea,Papua Nová Guinea,-6.314993,143.95555,Papua New Guinea,33710,33526,26304,30106,30425,30940,31212,19362,19832,15874,17920,18466,18734,18944,14348,13694,10430,12186,11959,12206,12268
600,PY,PRY,Paraguay,Paraguay,-23.442503,-58.44383199999999,Paraguay,195884,186570,176608,168243,160299,156462,160519,102816,97869,92052,87698,83394,81303,83412,93068,88701,84556,80545,76905,75159,77107
604,PE,PER,Peru,Peru,-9.189967,-75.015152,Peru,56688,56732,66300,77877,104706,154774,782169,28376,28062,32839,38959,56097,91090,424317,28312,28670,33461,38918,48609,63684,357852
608,PH,PHL,Philippines (the),Filipíny,12.879721,121.774017,Philippines,154071,207345,318095,257468,208599,211862,218530,81347,107524,161904,133023,107933,109783,113239,72724,99821,156191,124445,100666,102079,105291
616,PL,POL,Poland,Polsko,51.919438,19.145136,Poland,1127771,964725,825251,722509,642417,619403,655985,482176,404049,338323,297039,262263,259789,289754,645595,560676,486928,425470,380154,359614,366231
620,PT,PRT,Portugal,Portugalsko,39.399872,-8.224454,Portugal,435782,532822,651472,771184,762825,864814,888162,209922,259337,320319,376774,371536,398390,411750,225860,273485,331153,394410,391289,466424,476412
624,GW,GNB,Guinea-Bissau,Guinea-Bissau,11.803749,-15.180413,Guinea-Bissau,15368,27961,20450,20736,21061,22333,26916,7689,13833,10155,10298,10307,10826,12990,7679,14128,10295,10438,10754,11507,13926
626,TL,TLS,Timor-Leste,Východní Timor,-8.874217,125.727539,Timor-Leste,8954,9743,10602,11286,11540,8520,8417,4450,4763,5095,5578,5837,5148,5086,4504,4980,5507,5708,5703,3372,3331
630,PR,PRI,Puerto Rico,Portoriko,18.220833,-66.590149,Puerto Rico,321909,338067,355038,352144,304969,280494,266828,153354,160739,168480,166780,142939,130916,123980,168555,177328,186558,185364,162030,149578,142848
634,QA,QAT,Qatar,Katar,25.354826,51.183884,Qatar,309753,361673,359697,646026,1456413,1687640,2229688,225932,269972,274242,498428,1206571,1416361,1845678,83821,91701,85455,147598,249842,271279,384010
638,RE,REU,Réunion,Réunion,-21.115141,55.536384,Réunion,57210,77159,100678,115076,123029,127209,129153,30724,40710,52264,59196,62707,64537,65524,26486,36449,48414,55880,60322,62672,63629
642,RO,ROU,Romania,Rumunsko,45.943161,24.96676,Romania,135825,135037,134254,145162,177211,281048,462552,57601,60443,63121,70153,87667,146758,248851,78224,74594,71133,75009,89544,134290,213701
643,RU,RUS,Russian Federation (the),Rusko,61.52401,105.318756,Russian Federation,11524948,11928927,11900297,11667588,11194710,11643276,11640559,5655422,5925452,5982851,5806597,5514401,5715211,5713879,5869526,6003475,5917446,5860991,5680309,5928065,5926680
646,RW,RWA,Rwanda,Rwanda,-1.940278,29.873888,Rwanda,160024,215735,347076,423187,426901,514647,539932,80763,109783,175741,213279,214048,256327,269917,79261,105952,171335,209908,212853,258320,270015
654,SH,SHN,"Saint Helena, Ascension and Tristan da Cunha","Svatá Helena, Ascension a Tristan da Cunha",-24.143474,-10.030696,Saint Helena,178,117,108,163,248,377,433,110,70,61,85,136,251,302,68,47,47,78,112,126,131
659,KN,KNA,Saint Kitts and Nevis,Svatý Kryštof a Nevis,17.357822,-62.782998,Saint Kitts and Nevis,3210,4248,5871,6682,7245,7443,7587,1642,2196,3068,3501,3806,3916,3992,1568,2052,2803,3181,3439,3527,3595
660,AI,AIA,Anguilla,Anguilla,18.220554,-63.068615,Anguilla,2570,3317,4063,4684,5103,5470,5679,1258,1584,1910,2210,2415,2593,2694,1312,1733,2153,2474,2688,2877,2985
662,LC,LCA,Saint Lucia,Svatá Lucie,13.909444,-60.97889300000001,Saint Lucia,5305,7155,9871,9842,9051,8673,8383,2618,3563,4960,4843,4377,4179,4026,2687,3592,4911,4999,4674,4494,4357
666,PM,SPM,Saint Pierre and Miquelon,Saint Pierre a Miquelon,46.941936,-56.27111,Saint Pierre and Miquelon,1099,1320,1458,1147,1017,986,990,560,682,756,597,531,516,519,539,638,702,550,486,470,471
670,VC,VCT,Saint Vincent and the Grenadines,Svatý Vincenc a Grenadiny,12.984305,-61.287228000000006,Saint Vincent and the Grenadines,3970,4135,4307,4436,4569,4637,4692,1928,2011,2099,2198,2302,2355,2398,2042,2124,2208,2238,2267,2282,2294
674,SM,SMR,San Marino,San Marino,43.94236,12.457777,San Marino,3310,3659,4045,4218,4880,5195,5507,1728,1940,2175,2302,2761,2867,2936,1582,1719,1870,1916,2119,2328,2571
678,ST,STP,Sao Tome and Principe,Svatý Tomáš a Princův ostrov,0.18636,6.613081,Sao Tome and Principe,5582,4936,4365,3433,2700,2394,2174,2953,2548,2212,1727,1352,1197,1085,2629,2388,2153,1706,1348,1197,1089
682,SA,SAU,Saudi Arabia,Saúdská Arábie,23.885942,45.079162,Saudi Arabia,4998445,5122702,5263387,6501819,8429956,10771366,13122338,3324873,3416485,3517768,4469805,5933281,7461502,9001182,1673572,1706217,1745619,2032014,2496675,3309864,4121156
686,SN,SEN,Senegal,Senegal,14.497401000000002,-14.452362,Senegal,270410,287654,231901,238298,256092,266496,275239,138840,147165,121492,124854,135879,141402,145996,131570,140489,110409,113444,120213,125094,129243
688,RS,SRB,Serbia,Srbsko,44.016521,21.005859,Serbia,99269,870980,977873,854848,826275,807441,820312,46712,390134,437602,383088,364757,355180,361216,52557,480846,540271,471760,461518,452261,459096
690,SC,SYC,Seychelles,Seychely,-4.679574,55.491977,Seychelles,3721,5148,6574,8997,11420,12791,12926,2204,3021,3837,5820,7804,8954,9049,1517,2127,2737,3177,3616,3837,3877
694,SL,SLE,Sierra Leone,Sierra Leone,8.460555000000001,-11.779889,Sierra Leone,222148,98516,97974,146050,79055,58813,54332,122898,55937,54184,76621,43515,33068,30724,99250,42579,43790,69429,35540,25745,23608
702,SG,SGP,Singapore,Singapur,1.352083,103.819836,Singapore,727262,991492,1351691,1710594,2164794,2543638,2155653,345842,456411,601671,758762,956856,1122986,950192,381420,535081,750020,951832,1207938,1420652,1205461
703,SK,SVK,Slovakia,Slovensko,48.669026,19.699024,Slovakia,41295,69323,116376,130491,146319,177624,187984,18187,30531,51253,58716,66938,89011,96010,23108,38792,65123,71775,79381,88613,91974
704,VN,VNM,Viet Nam,Vietnam,14.058324,108.277199,Viet Nam,28118,51262,56754,51768,61756,72793,76104,15230,28187,32825,31106,35971,42168,44087,12888,23075,23929,20662,25785,30625,32017
705,SI,SVN,Slovenia,Slovinsko,46.151241,14.995463,Slovenia,178077,174419,214508,217218,253786,237616,253122,89514,90255,114772,116741,141285,134460,142626,88563,84164,99736,100477,112501,103156,110496
706,SO,SOM,Somalia,Somálsko,5.152149,46.199616,Somalia,478294,19527,20097,20670,48106,40990,52131,244201,10282,10628,11047,25213,21584,27184,234093,9245,9469,9623,22893,19406,24947
710,ZA,ZAF,South Africa,Jihoafrická republika,-30.559482,22.937506,South Africa,1163883,1003807,1016963,1351031,2114801,3816695,4224256,717227,611083,607602,782272,1221739,2122100,2350362,446656,392724,409361,568759,893062,1694595,1873894
716,ZW,ZWE,Zimbabwe,Zimbabwe,-19.015438,29.154857,Zimbabwe,634621,431226,410109,402226,398307,400482,411257,356240,246013,233881,229254,227201,225653,233652,278381,185213,176228,172972,171106,174829,177605
724,ES,ESP,Spain,Španělsko,40.463667,-3.74922,Spain,821605,1020067,1657285,4107226,6280065,5891208,6104203,390448,499114,838058,2140680,3238238,2884000,2913747,431157,520953,819227,1966546,3041827,3007208,3190456
729,SD,SDN,Sudan (the),Súdán,12.862807,30.217636,Sudan,1402896,1053396,805086,546419,618709,620523,1223092,696385,525701,404618,278084,314552,311885,607151,706511,527695,400468,268335,304157,308638,615941
732,EH,ESH,Western Sahara,Západní Sahara,24.215527,-12.885834,Western Sahara,2688,2989,3289,3891,4493,5179,5384,1465,1651,1837,2224,2612,3059,3181,1223,1338,1452,1667,1881,2120,2203
740,SR,SUR,Suriname,Surinam,3.919305000000001,-56.02778299999999,Suriname,18083,22320,27506,33664,39713,43127,46157,9767,12091,14938,18340,21658,23544,25227,8316,10229,12568,15324,18055,19583,20930
748,SZ,SWZ,Eswatini,Svazijsko,-26.522503000000004,31.465866,Eswatini,74991,35157,34084,33392,32637,32352,32310,39905,18701,17921,17369,16790,16627,16582,35086,16456,16163,16023,15847,15725,15728
752,SE,SWE,Sweden,Švédsko,60.128161,18.643501,Sweden,788767,936022,1003798,1125790,1384929,1676264,2005210,383085,450945,480211,538490,673083,828027,1008536,405682,485077,523587,587300,711846,848237,996674
756,CH,CHE,Switzerland,Švýcarsko,46.818188,8.227511999999999,Switzerland,1392282,1478829,1570756,1805437,2075182,2416394,2572029,701110,769043,841855,922387,1005381,1183243,1265343,691172,709786,728901,883050,1069801,1233151,1306686
760,SY,SYR,Syrian Arab Republic,Sýrie,34.802075,38.99681500000001,Syrian Arab Republic,714140,830610,834916,878308,1787561,871174,867848,364077,423115,427981,450438,913004,445050,444710,350063,407495,406935,427870,874557,426124,423138
762,TJ,TJK,Tajikistan,Tádžikistán,38.861034,71.276093,Tajikistan,428900,348347,299499,280466,279808,275101,274071,187972,151894,131653,121403,121780,118639,118207,240928,196453,167846,159063,158028,156462,155864
764,TH,THA,Thailand,Thajsko,15.870032,100.992541,Thailand,528693,809720,1257821,2163447,3224131,3486526,3635085,283486,426290,647728,1086166,1624755,1751187,1825505,245207,383430,610093,1077281,1599376,1735339,1809580
768,TG,TGO,Togo,Togo,8.619543,0.824782,Togo,84844,101583,137968,203799,255413,277384,279142,42903,50727,69112,103055,129352,139540,141286,41941,50856,68856,100744,126061,137844,137856
772,TK,TKL,Tokelau,Tokelau,-8.967363,-171.855881,Tokelau,270,266,262,258,429,487,504,150,147,144,133,206,233,242,120,119,118,125,223,254,262
776,TO,TON,Tonga,Tonga,-21.178986,-175.198242,Tonga,2911,3274,3684,4301,4604,3954,3752,1488,1718,1981,2324,2500,2158,2048,1423,1556,1703,1977,2104,1796,1704
780,TT,TTO,Trinidad and Tobago,Trinidad a Tobago,10.691803,-61.222503,Trinidad and Tobago,50666,45994,41753,44812,48226,50021,59249,23528,21303,19288,20647,23152,24464,29114,27138,24691,22465,24165,25074,25557,30135
784,AE,ARE,United Arab Emirates (the),Spojené arabské emiráty,23.424076,53.847818,United Arab Emirates,1306574,1824118,2447010,3281115,7316697,7995126,8587256,931959,1309868,1757200,2388299,5463446,5890170,6326020,374615,514250,689810,892816,1853251,2104956,2261236
788,TN,TUN,Tunisia,Tunisko,33.886917,9.537499,Tunisia,37984,37867,36719,35040,43172,56532,57455,18900,19045,18679,18000,22236,29253,29744,19084,18822,18040,17040,20936,27279,27711
792,TR,TUR,Turkey,Turecko,38.963745,35.243322,Turkey,1163686,1216173,1280963,1319236,1367034,4346197,5876829,577329,593938,616007,618938,625960,2390166,3258212,586357,622235,664956,700298,741074,1956031,2618617
795,TM,TKM,Turkmenistan,Turkmenistán,38.969719,59.556278000000006,Turkmenistan,306500,273565,219067,213053,197979,196376,195127,134174,132122,102810,101214,90634,91531,92240,172326,141443,116257,111839,107345,104845,102887
796,TC,TCA,Turks and Caicos Islands (the),Turks a Caicos,21.694025,-71.797928,Turks and Caicos Islands,5062,7039,9015,13115,17216,22719,24534,2620,3643,4665,6787,8907,11755,12695,2442,3396,4350,6328,8309,10964,11839
798,TV,TUV,Tuvalu,Tuvalu,-7.109535,177.64933,Tuvalu,318,263,218,209,220,230,238,180,148,121,115,121,126,131,138,115,97,94,99,104,107
800,UG,UGA,Uganda,Uganda,1.373333,32.290275,Uganda,544273,606987,584280,593308,492930,851175,1734166,283337,308281,290859,292130,241903,415845,836620,260936,298706,293421,301178,251027,435330,897546
804,UA,UKR,Ukraine,Ukrajina,48.379433,31.16558,Ukraine,6892920,6172338,5527087,5050302,4818767,4915142,4964293,2953603,2644845,2368364,2168060,2072474,2113924,2135064,3939317,3527493,3158723,2882242,2746293,2801218,2829229
807,MK,MKD,Republic of North Macedonia,Severní Makedonie,41.608635,21.745275,North Macedonia,95142,109343,125665,127667,129701,130730,131175,39661,45581,52385,53220,54067,54496,54682,55481,63762,73280,74447,75634,76234,76493
818,EG,EGY,Egypt,Egypt,26.820553000000004,30.802498,Egypt,173833,166955,184774,285006,310017,353641,504053,91995,88545,98224,165211,174104,207433,271048,81838,78410,86550,119795,135913,146208,233005
826,GB,GBR,United Kingdom of Great Britain and Northern Ireland (the),Spojené království Velké Británie a Severního Irska,55.378051,-3.435973,United Kingdom,3650286,4155293,4730165,5926156,7119664,8411569,9552110,1756448,1978711,2228628,2818177,3454456,4023771,4581996,1893838,2176582,2501537,3107979,3665208,4387798,4970114
833,IM,IMN,Isle of Man,Ostrov Man,54.236107,-4.548056,Isle of Man,34769,36886,39002,41475,43447,42238,42864,16371,17548,18725,20214,21361,20596,20901,18398,19338,20277,21261,22086,21642,21963
834,TZ,TZA,"Tanzania, United Republic of",Tanzanie,-6.369028,34.888822,United Republic of Tanzania,574025,1106043,949600,771153,309847,384567,509166,283390,547089,481816,486983,154591,190617,251424,290635,558954,467784,284170,155256,193950,257742
840,US,USA,United States of America (the),Spojené státy americké,37.09024,-95.712891,United States of America,23251026,28451053,34814053,39258293,44183643,48178877,50661149,11372985,14032159,17310785,19614878,21694169,23446873,24488382,11878041,14418894,17503268,19643415,22489474,24732004,26172767
850,VI,VIR,Virgin Islands (U.S.),Americké Panenské ostrovy,18.335765,-64.896335,United States Virgin Islands,51970,54241,56611,56647,56684,56721,56745,24824,25760,26730,26726,26722,26728,26740,27146,28481,29881,29921,29962,29993,30005
854,BF,BFA,Burkina Faso,Burkina Faso,12.238333,-1.561593,Burkina Faso,349652,464104,520363,597658,674438,704676,718338,167834,223156,250555,285871,320939,335328,341830,181818,240948,269808,311787,353499,369348,376508
858,UY,URY,Uruguay,Uruguay,-32.522779,-55.765835,Uruguay,98116,93428,88874,82317,76303,78799,81482,45830,43427,41095,37658,34535,35642,36988,52286,50001,47779,44659,41768,43157,44494
860,UZ,UZB,Uzbekistan,Uzbekistán,41.377491,64.585262,Uzbekistan,1653000,1512577,1406498,1329932,1220149,1170873,1168384,723618,657490,606163,589690,558379,545721,545048,929382,855087,800335,740242,661770,625152,623336
862,VE,VEN,Venezuela (Bolivarian Republic of),Venezuela,6.42375,-66.58973,Venezuela (Bolivarian Republic of),1025009,1019996,1013738,1076474,1347347,1404448,1375690,517579,513473,508682,538197,676261,703458,685975,507430,506523,505056,538277,671086,700990,689715
876,WF,WLF,Wallis and Futuna,Wallis a Futuna,-13.768752,-177.156097,Wallis and Futuna Islands,1402,1704,2015,2191,1624,1052,1022,726,872,1018,1107,820,531,516,676,832,997,1084,804,521,506
882,WS,WSM,Samoa,Samoa,-13.759029,-172.10462900000005,Samoa,3357,4694,5998,5746,5122,4252,4035,1771,2451,3101,2940,2594,2148,2038,1586,2243,2897,2806,2528,2104,1997
887,YE,YEM,Yemen,Jemen,15.552727,48.516388,Yemen,118863,136515,144940,171871,288394,379882,385628,67010,77832,80514,98879,156123,199390,202414,51853,58683,64426,72992,132271,180492,183214
894,ZM,ZMB,Zambia,Zambie,-13.133897,27.849332,Zambia,279463,244338,343703,252895,149962,132107,170249,143029,125329,175114,128628,75941,66651,86098,136434,119009,168589,124267,74021,65456,84151
